1 0 5223
2 5223 1265
3 6488 14422
4 20910 1065
5 21975 1283
6 23258 5133
7 28391 2456
8 30847 3025
9 33872 6683
10 40555 6052
11 46607 8823
12 55430 11108
13 66538 2011
14 68549 6288
15 74837 5418
16 80255 9680
17 89935 7543
18 97478 197
19 97675 232
20 97907 256
21 98163 185
22 98348 218
23 98566 196
24 98762 241
25 99003 5728
26 104731 1182
27 105913 4858
28 110771 9638
29 120409 5355
30 125764 2904
31 128668 1969
32 130637 1934
33 132571 2300
34 134871 1801
35 136672 1395
36 138067 1479
37 139546 1524
38 141070 1614
39 142684 3432
40 146116 2528
41 148644 15150
42 163794 3265
43 167059 7907
44 174966 3663
45 178629 3408
46 182037 6106
47 188143 2513
48 190656 3673
49 194329 2716
50 197045 9290
51 206335 1375
52 207710 183
53 207893 4771
54 212664 1394
55 214058 1688
56 215746 1821
57 217567 2810
58 220377 8100
59 228477 7469
60 235946 3480
61 239426 9658
62 249084 1622
63 250706 931
64 251637 1641
65 253278 4118
66 257396 3725
67 261121 1011
68 262132 14920
69 277052 6432
70 283484 3464
71 286948 3474
72 290422 1193
73 291615 4772
74 296387 741
75 297128 480
76 297608 7631
77 305239 2814
78 308053 3612
79 311665 2692
80 314357 1192
81 315549 972
82 316521 2116
83 318637 242
84 318879 250
85 319129 11210
86 330339 4962
87 335301 5711
88 341012 1706
89 342718 829
90 343547 22003
91 365550 1449
92 366999 6449
93 373448 6287
94 379735 9334
95 389069 1578
96 390647 3700
97 394347 2054
98 396401 9583
99 405984 2014
100 407998 1849
101 409847 2641
102 412488 3181
103 415669 9216
104 424885 3410
105 428295 8330
106 436625 2113
107 438738 1709
108 440447 973
109 441420 1384
110 442804 1048
111 443852 1329
112 445181 5318
113 450499 4977
114 455476 2150
115 457626 1737
116 459363 3951
117 463314 2303
118 465617 2232
119 467849 1435
120 469284 4266
121 473550 1267
122 474817 1231
123 476048 1410
124 477458 1687
125 479145 5152
126 484297 2519
127 486816 1373
128 488189 3056
129 491245 10787
130 502032 3726
131 505758 1412
132 507170 2003
133 509173 6983
134 516156 1857
135 518013 6909
136 524922 3052
137 527974 1875
138 529849 12534
139 542383 5219
140 547602 4562
141 552164 1358
142 553522 2439
143 555961 2272
144 558233 2110
145 560343 3571
146 563914 1351
147 565265 10826
148 576091 1144
149 577235 676
150 577911 4719
151 582630 1295
152 583925 904
153 584829 7357
154 592186 3095
155 595281 1893
156 597174 2873
157 600047 973
158 601020 1314
159 602334 1355
160 603689 528
161 604217 3844
162 608061 4598
163 612659 4924
164 617583 3191
165 620774 2185
166 622959 858
167 623817 789
168 624606 1226
169 625832 5552
170 631384 1554
171 632938 763
172 633701 1654
173 635355 12765
174 648120 552
175 648672 1808
176 650480 2466
177 652946 2315
178 655261 2681
179 657942 1648
180 659590 621
181 660211 2127
182 662338 2155
183 664493 2192
184 666685 2298
185 668983 2127
186 671110 483
187 671593 2423
188 674016 1234
189 675250 3085
190 678335 1556
191 679891 602
192 680493 1043
193 681536 6212
194 687748 3527
195 691275 6689
196 697964 9887
197 707851 2171
198 710022 3662
199 713684 2322
200 716006 3695
201 719701 2931
202 722632 3725
203 726357 1620
204 727977 10092
205 738069 2140
206 740209 4950
207 745159 2386
208 747545 1513
209 749058 7748
210 756806 6601
211 763407 4359
212 767766 9346
213 777112 6245
214 783357 5659
215 789016 2817
216 791833 5583
217 797416 10368
218 807784 4295
219 812079 5875
220 817954 4621
221 822575 2245
222 824820 3352
223 828172 8851
224 837023 1803
225 838826 5709
226 844535 4027
227 848562 4030
228 852592 2608
229 855200 358
230 855558 1856
231 857414 7337
232 864751 4417
233 869168 2431
234 871599 1728
235 873327 3043
236 876370 3455
237 879825 2738
238 882563 5048
239 887611 1176
240 888787 1155
241 889942 3066
242 893008 7450
243 900458 7457
244 907915 1163
245 909078 5896
246 914974 1664
247 916638 2302
248 918940 4666
249 923606 1700
250 925306 3286
251 928592 1893
252 930485 1157
253 931642 2579
254 934221 663
255 934884 2745
256 937629 5057
257 942686 195
258 942881 1616
259 944497 2771
260 947268 4130
261 951398 1227
262 952625 1095
263 953720 1580
264 955300 1167
265 956467 1632
266 958099 819
267 958918 871
268 959789 3705
269 963494 824
270 964318 3059
271 967377 7796
272 975173 2511
273 977684 1483
274 979167 3099
275 982266 1143
276 983409 2644
277 986053 2319
278 988372 1331
279 989703 1023
280 990726 3621
281 994347 2993
282 997340 1436
283 998776 8208
284 1006984 1443
285 1008427 2017
286 1010444 940
287 1011384 1635
288 1013019 1600
289 1014619 898
290 1015517 2388
291 1017905 9397
292 1027302 3861
293 1031163 781
294 1031944 1062
295 1033006 2888
296 1035894 4393
297 1040287 9494
298 1049781 2169
299 1051950 3156
300 1055106 2101
301 1057207 2277
302 1059484 26745
303 1086229 1871
304 1088100 1751
305 1089851 5211
306 1095062 5433
307 1100495 2493
308 1102988 3394
309 1106382 4701
310 1111083 3688
311 1114771 3365
312 1118136 15079
313 1133215 4071
314 1137286 3504
315 1140790 9938
316 1150728 1633
317 1152361 1462
318 1153823 5764
319 1159587 10703
320 1170290 4857
321 1175147 3779
322 1178926 2168
323 1181094 1241
324 1182335 641
325 1182976 1511
326 1184487 4526
327 1189013 2708
328 1191721 1916
329 1193637 8546
330 1202183 6109
331 1208292 5090
332 1213382 1930
333 1215312 6425
334 1221737 2933
335 1224670 2887
336 1227557 7332
337 1234889 1660
338 1236549 1925
339 1238474 2585
340 1241059 1664
341 1242723 1565
342 1244288 10500
343 1254788 7418
344 1262206 3284
345 1265490 2970
346 1268460 1900
347 1270360 5507
348 1275867 8007
349 1283874 3139
350 1287013 481
351 1287494 3604
352 1291098 4943
353 1296041 6760
354 1302801 898
355 1303699 2315
356 1306014 4231
357 1310245 3499
358 1313744 2852
359 1316596 5458
360 1322054 4989
361 1327043 7158
362 1334201 1125
363 1335326 3880
364 1339206 1329
365 1340535 7152
366 1347687 3250
367 1350937 4339
368 1355276 4771
369 1360047 2309
370 1362356 5883
371 1368239 2259
372 1370498 1714
373 1372212 14734
374 1386946 9025
375 1395971 5278
376 1401249 1339
377 1402588 5486
378 1408074 1396
379 1409470 6445
380 1415915 4574
381 1420489 4510
382 1424999 9522
383 1434521 1727
384 1436248 3417
385 1439665 15115
386 1454780 9467
387 1464247 3861
388 1468108 7722
389 1475830 13355
390 1489185 3739
391 1492924 13684
392 1506608 5297
393 1511905 465
394 1512370 3139
395 1515509 2101
396 1517610 10106
397 1527716 1005
398 1528721 1334
399 1530055 5126
400 1535181 2521
401 1537702 6604
402 1544306 7761
403 1552067 1409
404 1553476 1754
405 1555230 2227
406 1557457 3392
407 1560849 1756
408 1562605 2087
409 1564692 5890
410 1570582 2067
411 1572649 1425
412 1574074 1083
413 1575157 3161
414 1578318 6297
415 1584615 1815
416 1586430 2354
417 1588784 2571
418 1591355 2509
419 1593864 3586
420 1597450 1267
421 1598717 8430
422 1607147 3750
423 1610897 9981
424 1620878 4025
425 1624903 7132
426 1632035 3302
427 1635337 6389
428 1641726 4279
429 1646005 4598
430 1650603 2925
431 1653528 1282
432 1654810 3047
433 1657857 1939
434 1659796 1661
435 1661457 1710
436 1663167 3335
437 1666502 2055
438 1668557 2117
439 1670674 979
440 1671653 1882
441 1673535 3932
442 1677467 2188
443 1679655 5346
444 1685001 1736
445 1686737 1873
446 1688610 2534
447 1691144 2178
448 1693322 2366
449 1695688 2147
450 1697835 1777
451 1699612 2373
452 1701985 5872
453 1707857 4885
454 1712742 13408
455 1726150 948
456 1727098 14050
457 1741148 1825
458 1742973 1504
459 1744477 991
460 1745468 1277
461 1746745 1747
462 1748492 6037
463 1754529 2918
464 1757447 2945
465 1760392 2334
466 1762726 1931
467 1764657 2762
468 1767419 5375
469 1772794 14967
470 1787761 7187
471 1794948 3275
472 1798223 3174
473 1801397 2536
474 1803933 2850
475 1806783 1336
476 1808119 2285
477 1810404 5117
478 1815521 1591
479 1817112 1285
480 1818397 1694
481 1820091 1971
482 1822062 2054
483 1824116 2556
484 1826672 2018
485 1828690 1480
486 1830170 1371
487 1831541 1281
488 1832822 2464
489 1835286 3741
490 1839027 1620
491 1840647 2685
492 1843332 2670
493 1846002 512
494 1846514 4128
495 1850642 6042
496 1856684 1732
497 1858416 3548
498 1861964 2442
499 1864406 5597
500 1870003 7717
501 1877720 4907
502 1882627 904
503 1883531 1266
504 1884797 1996
505 1886793 4043
506 1890836 3482
507 1894318 582
508 1894900 4028
509 1898928 2874
510 1901802 2775
511 1904577 3372
512 1907949 5429
513 1913378 4479
514 1917857 4927
515 1922784 2662
516 1925446 8828
517 1934274 9323
518 1943597 5421
519 1949018 2001
520 1951019 7216
521 1958235 2488
522 1960723 8122
523 1968845 1276
524 1970121 1836
525 1971957 3011
526 1974968 4393
527 1979361 2012
528 1981373 1187
529 1982560 1189
530 1983749 5127
531 1988876 2746
532 1991622 4005
533 1995627 1116
534 1996743 1979
535 1998722 1308
536 2000030 2855
537 2002885 1557
538 2004442 740
539 2005182 533
540 2005715 863
541 2006578 673
542 2007251 535
543 2007786 463
544 2008249 1340
545 2009589 3509
546 2013098 3710
547 2016808 512
548 2017320 2074
549 2019394 1330
550 2020724 3348
551 2024072 6094
552 2030166 3160
553 2033326 5299
554 2038625 3005
555 2041630 3772
556 2045402 3249
557 2048651 2995
558 2051646 1886
559 2053532 3142
560 2056674 214
561 2056888 1931
562 2058819 9814
563 2068633 2031
564 2070664 3765
565 2074429 3333
566 2077762 4125
567 2081887 1515
568 2083402 1431
569 2084833 2324
570 2087157 1923
571 2089080 3087
572 2092167 2710
573 2094877 2344
574 2097221 7354
575 2104575 1289
576 2105864 1065
577 2106929 9010
578 2115939 11134
579 2127073 9157
580 2136230 15877
581 2152107 8640
582 2160747 8333
583 2169080 7248
584 2176328 11155
585 2187483 19412
586 2206895 13496
587 2220391 5451
588 2225842 486
589 2226328 818
590 2227146 3185
591 2230331 7318
592 2237649 533
593 2238182 1525
594 2239707 3451
595 2243158 2082
596 2245240 9111
597 2254351 7982
598 2262333 8515
599 2270848 4617
600 2275465 2673
601 2278138 4069
602 2282207 5058
603 2287265 7106
604 2294371 3393
605 2297764 2822
606 2300586 665
607 2301251 1044
608 2302295 1626
609 2303921 6622
610 2310543 1338
611 2311881 11365
612 2323246 6306
613 2329552 4398
614 2333950 25163
615 2359113 3732
616 2362845 5068
617 2367913 8342
618 2376255 9726
619 2385981 4543
620 2390524 6232
621 2396756 9560
622 2406316 12703
623 2419019 4648
624 2423667 10892
625 2434559 6236
626 2440795 5091
627 2445886 1742
628 2447628 3800
629 2451428 4753
630 2456181 3696
631 2459877 10663
632 2470540 9830
633 2480370 6762
634 2487132 6028
635 2493160 6536
636 2499696 5764
637 2505460 4059
638 2509519 3827
639 2513346 3466
640 2516812 3793
641 2520605 3276
642 2523881 12182
643 2536063 12683
644 2548746 4215
645 2552961 2804
646 2555765 5551
647 2561316 15806
648 2577122 4261
649 2581383 713
650 2582096 1195
651 2583291 4375
652 2587666 4354
653 2592020 2048
654 2594068 12942
655 2607010 6634
656 2613644 8773
657 2622417 7690
658 2630107 10648
659 2640755 212
660 2640967 6952
661 2647919 8920
662 2656839 2330
663 2659169 8110
664 2667279 8247
665 2675526 3883
666 2679409 5717
667 2685126 10209
668 2695335 2506
669 2697841 13173
670 2711014 4654
671 2715668 519
672 2716187 1508
673 2717695 3022
674 2720717 8016
675 2728733 11476
676 2740209 2030
677 2742239 3514
678 2745753 5138
679 2750891 5309
680 2756200 5118
681 2761318 6278
682 2767596 1000
683 2768596 6942
684 2775538 2882
685 2778420 9260
686 2787680 4134
687 2791814 6291
688 2798105 2840
689 2800945 1541
690 2802486 2895
691 2805381 3376
692 2808757 1756
693 2810513 5497
694 2816010 8973
695 2824983 180
696 2825163 2277
697 2827440 8362
698 2835802 6759
699 2842561 6414
700 2848975 3668
701 2852643 3361
702 2856004 2867
703 2858871 3396
704 2862267 461
705 2862728 2151
706 2864879 3895
707 2868774 3590
708 2872364 2895
709 2875259 3550
710 2878809 2678
711 2881487 6520
712 2888007 9348
713 2897355 8354
714 2905709 10441
715 2916150 9633
716 2925783 10195
717 2935978 7894
718 2943872 5418
719 2949290 6184
720 2955474 7434
721 2962908 3428
722 2966336 3880
723 2970216 2343
724 2972559 1531
725 2974090 1637
726 2975727 3125
727 2978852 3492
728 2982344 7541
729 2989885 6311
730 2996196 5883
731 3002079 3465
732 3005544 4528
733 3010072 3430
734 3013502 11363
735 3024865 5036
736 3029901 6532
737 3036433 4766
738 3041199 947
739 3042146 4114
740 3046260 3629
741 3049889 3413
742 3053302 4283
743 3057585 4883
744 3062468 4537
745 3067005 7960
746 3074965 2229
747 3077194 5494
748 3082688 4316
749 3087004 6339
750 3093343 4742
751 3098085 2132
752 3100217 2123
753 3102340 1455
754 3103795 3296
755 3107091 4565
756 3111656 4117
757 3115773 6084
758 3121857 8356
759 3130213 1841
760 3132054 5593
761 3137647 7220
762 3144867 1230
763 3146097 3337
764 3149434 4008
765 3153442 1573
766 3155015 7182
767 3162197 2739
768 3164936 9877
769 3174813 4219
770 3179032 5756
771 3184788 783
772 3185571 3664
773 3189235 1962
774 3191197 1389
775 3192586 215
776 3192801 2696
777 3195497 934
778 3196431 1058
779 3197489 14979
780 3212468 6229
781 3218697 13687
782 3232384 694
783 3233078 2721
784 3235799 2014
785 3237813 2540
786 3240353 2739
787 3243092 1733
788 3244825 19154
789 3263979 8798
790 3272777 3483
791 3276260 3399
792 3279659 3294
793 3282953 3145
794 3286098 410
795 3286508 2494
796 3289002 2891
797 3291893 1774
798 3293667 3979
799 3297646 2793
800 3300439 891
801 3301330 651
802 3301981 19281
803 3321262 3812
804 3325074 224
805 3325298 27770
806 3353068 4046
807 3357114 7154
808 3364268 9055
809 3373323 29050
810 3402373 19009
811 3421382 913
812 3422295 587
813 3422882 2269
814 3425151 1559
815 3426710 4917
816 3431627 3257
817 3434884 3966
818 3438850 2448
819 3441298 4515
820 3445813 1107
821 3446920 1975
822 3448895 541
823 3449436 401
824 3449837 9586
825 3459423 2263
826 3461686 837
827 3462523 29238
828 3491761 3502
829 3495263 873
830 3496136 2458
831 3498594 3092
832 3501686 216
833 3501902 7021
834 3508923 18849
835 3527772 5590
836 3533362 1265
837 3534627 2129
838 3536756 2300
839 3539056 2549
840 3541605 1232
841 3542837 8702
842 3551539 3448
843 3554987 2233
844 3557220 21860
845 3579080 837
846 3579917 369
847 3580286 1122
848 3581408 3703
849 3585111 993
850 3586104 3505
851 3589609 3180
852 3592789 1525
853 3594314 1300
854 3595614 1952
855 3597566 2028
856 3599594 1254
857 3600848 1286
858 3602134 3863
859 3605997 524
860 3606521 6422
861 3612943 2374
862 3615317 3450
863 3618767 779
864 3619546 1241
865 3620787 2238
866 3623025 647
867 3623672 763
868 3624435 4970
869 3629405 2649
870 3632054 701
871 3632755 5853
872 3638608 3223
873 3641831 8754
874 3650585 3970
875 3654555 1965
876 3656520 3311
877 3659831 7344
878 3667175 2553
879 3669728 2648
880 3672376 9350
881 3681726 18711
882 3700437 3060
883 3703497 2715
884 3706212 5238
885 3711450 2213
886 3713663 4188
887 3717851 6371
888 3724222 934
889 3725156 4807
890 3729963 8074
891 3738037 5252
892 3743289 6442
893 3749731 904
894 3750635 3688
895 3754323 2873
896 3757196 3496
897 3760692 2507
898 3763199 3612
899 3766811 4618
900 3771429 9334
901 3780763 9302
902 3790065 11478
903 3801543 2132
904 3803675 4676
905 3808351 2692
906 3811043 1642
907 3812685 5674
908 3818359 2002
909 3820361 1904
910 3822265 8043
911 3830308 8574
912 3838882 2700
913 3841582 4354
914 3845936 3063
915 3848999 1900
916 3850899 10355
917 3861254 6194
918 3867448 4644
919 3872092 5275
920 3877367 1271
921 3878638 1837
922 3880475 3540
923 3884015 202
924 3884217 3683
925 3887900 2513
926 3890413 7463
927 3897876 6793
928 3904669 6272
929 3910941 8516
930 3919457 3087
931 3922544 2807
932 3925351 1829
933 3927180 6865
934 3934045 3356
935 3937401 2647
936 3940048 1131
937 3941179 11533
938 3952712 10789
939 3963501 9799
940 3973300 6866
941 3980166 8570
942 3988736 2217
943 3990953 481
944 3991434 2693
945 3994127 585
946 3994712 6238
947 4000950 4270
948 4005220 2258
949 4007478 8890
950 4016368 6322
951 4022690 1538
952 4024228 7215
953 4031443 2731
954 4034174 7645
955 4041819 4390
956 4046209 2865
957 4049074 6171
958 4055245 9212
959 4064457 2797
960 4067254 4265
961 4071519 3868
962 4075387 1699
963 4077086 6359
964 4083445 5283
965 4088728 5074
966 4093802 7820
967 4101622 1832
968 4103454 2789
969 4106243 3174
970 4109417 4133
971 4113550 3539
972 4117089 2978
973 4120067 4722
974 4124789 2611
975 4127400 2709
976 4130109 3560
977 4133669 3460
978 4137129 19559
979 4156688 3960
980 4160648 1232
981 4161880 5265
982 4167145 4245
983 4171390 3727
984 4175117 4277
985 4179394 3010
986 4182404 4286
987 4186690 3697
988 4190387 3146
989 4193533 3982
990 4197515 4137
991 4201652 3534
992 4205186 3586
993 4208772 3797
994 4212569 3988
995 4216557 3462
996 4220019 4253
997 4224272 10358
998 4234630 3730
999 4238360 4649
1000 4243009 3441
1001 4246450 3971
1002 4250421 4732
1003 4255153 4129
1004 4259282 3889
1005 4263171 3434
1006 4266605 2789
1007 4269394 3082
1008 4272476 3122
1009 4275598 4049
1010 4279647 3209
1011 4282856 19194
1012 4302050 4304
1013 4306354 3317
1014 4309671 1527
1015 4311198 3444
1016 4314642 3506
1017 4318148 19395
1018 4337543 4641
1019 4342184 1484
1020 4343668 3369
1021 4347037 4759
1022 4351796 4084
1023 4355880 3292
1024 4359172 1206
1025 4360378 3402
1026 4363780 5395
1027 4369175 3724
1028 4372899 4943
1029 4377842 3100
1030 4380942 3274
1031 4384216 3628
1032 4387844 3718
1033 4391562 3474
1034 4395036 2723
1035 4397759 3220
1036 4400979 3638
1037 4404617 3077
1038 4407694 3534
1039 4411228 18793
1040 4430021 4398
1041 4434419 3725
1042 4438144 3540
1043 4441684 1560
1044 4443244 4271
1045 4447515 1212
1046 4448727 906
1047 4449633 2882
1048 4452515 3981
1049 4456496 3411
1050 4459907 2804
1051 4462711 3520
1052 4466231 2602
1053 4468833 1091
1054 4469924 4164
1055 4474088 19584
1056 4493672 3745
1057 4497417 4764
1058 4502181 3293
1059 4505474 4675
1060 4510149 3240
1061 4513389 3165
1062 4516554 3581
1063 4520135 4265
1064 4524400 5441
1065 4529841 3000
1066 4532841 2738
1067 4535579 3729
1068 4539308 2091
1069 4541399 3953
1070 4545352 12686
1071 4558038 2465
1072 4560503 1878
1073 4562381 3551
1074 4565932 3792
1075 4569724 3789
1076 4573513 1867
1077 4575380 5313
1078 4580693 6671
1079 4587364 2485
1080 4589849 4512
1081 4594361 6791
1082 4601152 1484
1083 4602636 2395
1084 4605031 2611
1085 4607642 746
1086 4608388 5250
1087 4613638 265
1088 4613903 842
1089 4614745 3415
1090 4618160 5717
1091 4623877 1216
1092 4625093 1348
1093 4626441 3550
1094 4629991 4528
1095 4634519 2342
1096 4636861 2166
1097 4639027 3716
1098 4642743 3919
1099 4646662 904
1100 4647566 2893
1101 4650459 1134
1102 4651593 1762
1103 4653355 1980
1104 4655335 3063
1105 4658398 7011
1106 4665409 8412
1107 4673821 3922
1108 4677743 3861
1109 4681604 4618
1110 4686222 3849
1111 4690071 1127
1112 4691198 4174
1113 4695372 2642
1114 4698014 1680
1115 4699694 1048
1116 4700742 3998
1117 4704740 3812
1118 4708552 2845
1119 4711397 1266
1120 4712663 3125
1121 4715788 7522
1122 4723310 18478
1123 4741788 2173
1124 4743961 3723
1125 4747684 1617
1126 4749301 4151
1127 4753452 8661
1128 4762113 3067
1129 4765180 13058
1130 4778238 3637
1131 4781875 195
1132 4782070 6211
1133 4788281 8463
1134 4796744 5624
1135 4802368 2115
1136 4804483 4915
1137 4809398 1190
1138 4810588 3821
1139 4814409 1619
1140 4816028 3398
1141 4819426 2770
1142 4822196 6093
1143 4828289 1739
1144 4830028 6559
1145 4836587 3612
1146 4840199 10178
1147 4850377 6853
1148 4857230 4497
1149 4861727 3495
1150 4865222 6245
1151 4871467 9443
1152 4880910 1573
1153 4882483 2723
1154 4885206 2365
1155 4887571 4465
1156 4892036 8549
1157 4900585 1533
1158 4902118 4790
1159 4906908 2805
1160 4909713 2692
1161 4912405 1244
1162 4913649 1098
1163 4914747 855
1164 4915602 975
1165 4916577 990
1166 4917567 2352
1167 4919919 1734
1168 4921653 1143
1169 4922796 897
1170 4923693 1128
1171 4924821 1350
1172 4926171 993
1173 4927164 1942
1174 4929106 2612
1175 4931718 1266
1176 4932984 2733
1177 4935717 2809
1178 4938526 2953
1179 4941479 1023
1180 4942502 3505
1181 4946007 2473
1182 4948480 4238
1183 4952718 3286
1184 4956004 5763
1185 4961767 3273
1186 4965040 892
1187 4965932 2287
1188 4968219 4502
1189 4972721 783
1190 4973504 5694
1191 4979198 1224
1192 4980422 5923
1193 4986345 846
1194 4987191 1581
1195 4988772 844
1196 4989616 3215
1197 4992831 6271
1198 4999102 806
1199 4999908 3368
1200 5003276 3957
1201 5007233 1244
1202 5008477 1078
1203 5009555 1797
1204 5011352 1530
1205 5012882 2489
1206 5015371 2489
1207 5017860 1743
1208 5019603 1374
1209 5020977 2899
1210 5023876 2430
1211 5026306 1563
1212 5027869 1855
1213 5029724 1076
1214 5030800 948
1215 5031748 3351
1216 5035099 1953
1217 5037052 1924
1218 5038976 2217
1219 5041193 1949
1220 5043142 3008
1221 5046150 1740
1222 5047890 3096
1223 5050986 3685
1224 5054671 511
1225 5055182 1076
1226 5056258 781
1227 5057039 2512
1228 5059551 1029
1229 5060580 2197
1230 5062777 1823
1231 5064600 1413
1232 5066013 696
1233 5066709 1639
1234 5068348 2468
1235 5070816 1528
1236 5072344 2239
1237 5074583 2337
1238 5076920 2196
1239 5079116 1039
1240 5080155 2441
1241 5082596 1380
1242 5083976 4032
1243 5088008 2067
1244 5090075 1770
1245 5091845 4144
1246 5095989 524
1247 5096513 809
1248 5097322 2511
1249 5099833 4102
1250 5103935 3474
1251 5107409 891
1252 5108300 4028
1253 5112328 3461
1254 5115789 1192
1255 5116981 2353
1256 5119334 2579
1257 5121913 4953
1258 5126866 6532
1259 5133398 8530
1260 5141928 3978
1261 5145906 7450
1262 5153356 37733
1263 5191089 5292
1264 5196381 17678
1265 5214059 5277
1266 5219336 2765
1267 5222101 10434
1268 5232535 3741
1269 5236276 4638
1270 5240914 5348
1271 5246262 4818
1272 5251080 5187
1273 5256267 6691
1274 5262958 6426
1275 5269384 4628
1276 5274012 4100
1277 5278112 8863
1278 5286975 8291
1279 5295266 5361
1280 5300627 4238
1281 5304865 7298
1282 5312163 7806
1283 5319969 5606
1284 5325575 5283
1285 5330858 4415
1286 5335273 4900
1287 5340173 6325
1288 5346498 3460
1289 5349958 11786
1290 5361744 4145
1291 5365889 8088
1292 5373977 7683
1293 5381660 7841
1294 5389501 7196
1295 5396697 1627
1296 5398324 5194
1297 5403518 16160
1298 5419678 4554
1299 5424232 9224
1300 5433456 5250
1301 5438706 5533
1302 5444239 3890
1303 5448129 18229
1304 5466358 5314
1305 5471672 3331
1306 5475003 11384
1307 5486387 7819
1308 5494206 2126
1309 5496332 2817
1310 5499149 3648
1311 5502797 19542
1312 5522339 4255
1313 5526594 3479
1314 5530073 12411
1315 5542484 6678
1316 5549162 25272
1317 5574434 11096
1318 5585530 7037
1319 5592567 5890
1320 5598457 6294
1321 5604751 23529
1322 5628280 1030
1323 5629310 1085
1324 5630395 6476
1325 5636871 2094
1326 5638965 1931
1327 5640896 6175
1328 5647071 3525
1329 5650596 606
1330 5651202 1781
1331 5652983 3038
1332 5656021 1178
1333 5657199 2235
1334 5659434 3432
1335 5662866 4087
1336 5666953 4276
1337 5671229 6134
1338 5677363 3691
1339 5681054 700
1340 5681754 4268
1341 5686022 4071
1342 5690093 529
1343 5690622 965
1344 5691587 1555
1345 5693142 3652
1346 5696794 3573
1347 5700367 4787
1348 5705154 2691
1349 5707845 2074
1350 5709919 3125
1351 5713044 803
1352 5713847 7104
1353 5720951 933
1354 5721884 3100
1355 5724984 2335
1356 5727319 2639
1357 5729958 3336
1358 5733294 2547
1359 5735841 3799
1360 5739640 2038
1361 5741678 1854
1362 5743532 4350
1363 5747882 1424
1364 5749306 4390
1365 5753696 3873
1366 5757569 5561
1367 5763130 6544
1368 5769674 4390
1369 5774064 1747
1370 5775811 1214
1371 5777025 2754
1372 5779779 6410
1373 5786189 2531
1374 5788720 3438
1375 5792158 2694
1376 5794852 2195
1377 5797047 735
1378 5797782 8834
1379 5806616 6753
1380 5813369 2204
1381 5815573 2516
1382 5818089 2392
1383 5820481 2304
1384 5822785 1305
1385 5824090 1086
1386 5825176 2941
1387 5828117 10086
1388 5838203 1278
1389 5839481 3907
1390 5843388 1087
1391 5844475 456
1392 5844931 10521
1393 5855452 1833
1394 5857285 3347
1395 5860632 3239
1396 5863871 3440
1397 5867311 9516
1398 5876827 2161
1399 5878988 1085
1400 5880073 753
1401 5880826 1016
1402 5881842 1830
1403 5883672 8455
1404 5892127 3437
1405 5895564 6302
1406 5901866 4693
1407 5906559 5475
1408 5912034 1705
1409 5913739 5273
1410 5919012 1659
1411 5920671 1671
1412 5922342 6643
1413 5928985 2755
1414 5931740 1495
1415 5933235 2063
1416 5935298 2570
1417 5937868 2574
1418 5940442 3649
1419 5944091 1962
1420 5946053 3101
1421 5949154 2431
1422 5951585 7717
1423 5959302 2645
1424 5961947 2010
1425 5963957 6161
1426 5970118 4219
1427 5974337 4298
1428 5978635 3380
1429 5982015 6744
1430 5988759 3552
1431 5992311 3250
1432 5995561 4599
1433 6000160 5144
1434 6005304 4403
1435 6009707 3323
1436 6013030 4041
1437 6017071 1123
1438 6018194 7778
1439 6025972 4515
1440 6030487 4313
1441 6034800 4320
1442 6039120 4032
1443 6043152 5440
1444 6048592 7570
1445 6056162 2287
1446 6058449 2095
1447 6060544 2898
1448 6063442 2895
1449 6066337 4592
1450 6070929 5308
1451 6076237 3096
1452 6079333 4034
1453 6083367 5324
1454 6088691 4625
1455 6093316 5001
1456 6098317 2452
1457 6100769 2678
1458 6103447 2921
1459 6106368 8043
1460 6114411 1212
1461 6115623 760
1462 6116383 195
1463 6116578 4079
1464 6120657 3235
1465 6123892 1517
1466 6125409 9744
1467 6135153 2952
1468 6138105 8543
1469 6146648 3865
1470 6150513 5122
1471 6155635 4804
1472 6160439 8420
1473 6168859 4691
1474 6173550 3859
1475 6177409 516
1476 6177925 4582
1477 6182507 4230
1478 6186737 3710
1479 6190447 5696
1480 6196143 7094
1481 6203237 6284
1482 6209521 2493
1483 6212014 3277
1484 6215291 945
1485 6216236 22518
1486 6238754 18205
1487 6256959 2540
1488 6259499 8276
1489 6267775 1614
1490 6269389 2363
1491 6271752 6930
1492 6278682 3257
1493 6281939 10783
1494 6292722 2840
1495 6295562 3414
1496 6298976 3163
1497 6302139 4740
1498 6306879 7112
1499 6313991 6769
1500 6320760 6048
1501 6326808 1034
1502 6327842 2733
1503 6330575 3384
1504 6333959 1037
1505 6334996 2398
1506 6337394 1528
1507 6338922 6085
1508 6345007 13281
1509 6358288 2070
1510 6360358 12647
1511 6373005 6277
1512 6379282 2840
1513 6382122 4946
1514 6387068 1927
1515 6388995 8874
1516 6397869 6438
1517 6404307 2428
1518 6406735 6077
1519 6412812 3998
1520 6416810 4000
1521 6420810 4222
1522 6425032 16819
1523 6441851 1998
1524 6443849 12018
1525 6455867 14175
1526 6470042 8870
1527 6478912 8044
1528 6486956 4755
1529 6491711 11135
1530 6502846 3350
1531 6506196 4909
1532 6511105 4485
1533 6515590 4110
1534 6519700 5412
1535 6525112 3358
1536 6528470 4155
1537 6532625 3907
1538 6536532 6571
1539 6543103 3806
1540 6546909 5445
1541 6552354 3362
1542 6555716 4433
1543 6560149 24347
1544 6584496 2003
1545 6586499 4915
1546 6591414 4863
1547 6596277 4971
1548 6601248 4191
1549 6605439 3989
1550 6609428 3348
1551 6612776 23973
1552 6636749 1947
1553 6638696 4641
1554 6643337 5204
1555 6648541 15535
1556 6664076 10175
1557 6674251 1849
1558 6676100 5043
1559 6681143 5577
1560 6686720 3189
1561 6689909 6311
1562 6696220 7247
1563 6703467 5217
1564 6708684 6427
1565 6715111 3826
1566 6718937 6155
1567 6725092 4826
1568 6729918 6743
1569 6736661 4081
1570 6740742 8041
1571 6748783 4895
1572 6753678 4406
1573 6758084 33365
1574 6791449 1924
1575 6793373 4369
1576 6797742 5672
1577 6803414 4109
1578 6807523 2192
1579 6809715 20976
1580 6830691 5117
1581 6835808 4642
1582 6840450 4280
1583 6844730 2171
1584 6846901 4429
1585 6851330 4212
1586 6855542 5505
1587 6861047 4266
1588 6865313 22027
1589 6887340 4632
1590 6891972 3797
1591 6895769 4958
1592 6900727 2093
1593 6902820 4498
1594 6907318 5278
1595 6912596 5402
1596 6917998 3088
1597 6921086 5064
1598 6926150 5527
1599 6931677 6095
1600 6937772 3406
1601 6941178 5061
1602 6946239 4601
1603 6950840 4715
1604 6955555 3630
1605 6959185 6725
1606 6965910 4730
1607 6970640 4358
1608 6974998 2261
1609 6977259 24560
1610 7001819 4716
1611 7006535 4946
1612 7011481 9297
1613 7020778 10207
1614 7030985 4116
1615 7035101 4283
1616 7039384 3795
1617 7043179 5795
1618 7048974 23853
1619 7072827 2282
1620 7075109 5090
1621 7080199 5051
1622 7085250 5350
1623 7090600 3875
1624 7094475 3237
1625 7097712 3708
1626 7101420 4545
1627 7105965 4795
1628 7110760 18622
1629 7129382 2302
1630 7131684 4654
1631 7136338 7915
1632 7144253 7676
1633 7151929 2805
1634 7154734 4957
1635 7159691 7372
1636 7167063 5001
1637 7172064 5741
1638 7177805 6107
1639 7183912 3784
1640 7187696 7510
1641 7195206 4535
1642 7199741 4359
1643 7204100 3479
1644 7207579 7235
1645 7214814 4930
1646 7219744 4935
1647 7224679 23373
1648 7248052 2267
1649 7250319 3666
1650 7253985 6497
1651 7260482 4662
1652 7265144 4832
1653 7269976 3377
1654 7273353 15285
1655 7288638 4678
1656 7293316 3903
1657 7297219 4031
1658 7301250 2108
1659 7303358 4555
1660 7307913 8921
1661 7316834 4034
1662 7320868 4451
1663 7325319 4456
1664 7329775 2965
1665 7332740 8862
1666 7341602 8052
1667 7349654 2336
1668 7351990 3623
1669 7355613 5080
1670 7360693 5079
1671 7365772 4829
1672 7370601 18622
1673 7389223 4722
1674 7393945 6282
1675 7400227 2688
1676 7402915 3375
1677 7406290 5101
1678 7411391 2756
1679 7414147 10823
1680 7424970 4407
1681 7429377 5622
1682 7434999 4244
1683 7439243 3236
1684 7442479 5894
1685 7448373 4663
1686 7453036 4190
1687 7457226 3837
1688 7461063 5341
1689 7466404 4612
1690 7471016 5641
1691 7476657 21952
1692 7498609 2477
1693 7501086 4445
1694 7505531 4280
1695 7509811 5126
1696 7514937 2535
1697 7517472 4290
1698 7521762 3644
1699 7525406 4265
1700 7529671 6094
1701 7535765 26398
1702 7562163 2483
1703 7564646 5242
1704 7569888 200
1705 7570088 183
1706 7570271 5065
1707 7575336 15736
1708 7591072 2126
1709 7593198 2479
1710 7595677 4030
1711 7599707 3112
1712 7602819 4082
1713 7606901 3517
1714 7610418 10788
1715 7621206 10339
1716 7631545 5361
1717 7636906 12950
1718 7649856 4682
1719 7654538 5553
1720 7660091 7410
1721 7667501 7699
1722 7675200 5291
1723 7680491 7282
1724 7687773 4305
1725 7692078 3423
1726 7695501 4344
1727 7699845 6465
1728 7706310 4828
1729 7711138 31506
1730 7742644 2221
1731 7744865 13005
1732 7757870 10824
1733 7768694 7081
1734 7775775 3586
1735 7779361 12350
1736 7791711 4375
1737 7796086 2863
1738 7798949 8288
1739 7807237 2621
1740 7809858 3233
1741 7813091 2201
1742 7815292 4283
1743 7819575 16168
1744 7835743 2292
1745 7838035 4244
1746 7842279 7168
1747 7849447 4301
1748 7853748 1928
1749 7855676 5524
1750 7861200 21384
1751 7882584 2285
1752 7884869 1910
1753 7886779 2373
1754 7889152 2714
1755 7891866 18330
1756 7910196 4239
1757 7914435 6549
1758 7920984 9684
1759 7930668 4637
1760 7935305 4418
1761 7939723 3781
1762 7943504 1900
1763 7945404 6651
1764 7952055 2633
1765 7954688 4954
1766 7959642 3242
1767 7962884 7033
1768 7969917 3473
1769 7973390 4827
1770 7978217 6936
1771 7985153 4499
1772 7989652 5576
1773 7995228 4301
1774 7999529 2186
1775 8001715 22181
1776 8023896 4623
1777 8028519 3764
1778 8032283 13417
1779 8045700 2016
1780 8047716 2047
1781 8049763 2113
1782 8051876 2904
1783 8054780 1706
1784 8056486 19235
1785 8075721 4475
1786 8080196 3772
1787 8083968 4665
1788 8088633 2628
1789 8091261 2463
1790 8093724 2238
1791 8095962 2913
1792 8098875 2365
1793 8101240 2932
1794 8104172 22538
1795 8126710 4497
1796 8131207 7236
1797 8138443 2263
1798 8140706 4042
1799 8144748 1973
1800 8146721 1983
1801 8148704 3735
1802 8152439 6097
1803 8158536 5727
1804 8164263 4340
1805 8168603 4589
1806 8173192 5253
1807 8178445 3746
1808 8182191 4688
1809 8186879 4472
1810 8191351 24307
1811 8215658 2240
1812 8217898 4085
1813 8221983 4111
1814 8226094 4606
1815 8230700 2594
1816 8233294 2253
1817 8235547 2429
1818 8237976 2414
1819 8240390 2791
1820 8243181 16448
1821 8259629 4453
1822 8264082 4449
1823 8268531 2070
1824 8270601 8277
1825 8278878 2399
1826 8281277 2840
1827 8284117 2796
1828 8286913 2808
1829 8289721 20259
1830 8309980 5366
1831 8315346 4145
1832 8319491 10014
1833 8329505 10751
1834 8340256 2303
1835 8342559 4522
1836 8347081 2840
1837 8349921 5147
1838 8355068 3937
1839 8359005 6462
1840 8365467 6670
1841 8372137 3394
1842 8375531 4159
1843 8379690 3130
1844 8382820 4724
1845 8387544 1903
1846 8389447 5072
1847 8394519 23505
1848 8418024 2195
1849 8420219 3986
1850 8424205 4233
1851 8428438 203
1852 8428641 2379
1853 8431020 15494
1854 8446514 2269
1855 8448783 3122
1856 8451905 4113
1857 8456018 2632
1858 8458650 2463
1859 8461113 21142
1860 8482255 4167
1861 8486422 16296
1862 8502718 4007
1863 8506725 2254
1864 8508979 4245
1865 8513224 16967
1866 8530191 4548
1867 8534739 2080
1868 8536819 12807
1869 8549626 9608
1870 8559234 5218
1871 8564452 5504
1872 8569956 2913
1873 8572869 4206
1874 8577075 8869
1875 8585944 5563
1876 8591507 5036
1877 8596543 7023
1878 8603566 6696
1879 8610262 6581
1880 8616843 5123
1881 8621966 29057
1882 8651023 3265
1883 8654288 3931
1884 8658219 5485
1885 8663704 2635
1886 8666339 7562
1887 8673901 1918
1888 8675819 2289
1889 8678108 2994
1890 8681102 4353
1891 8685455 2982
1892 8688437 2656
1893 8691093 3774
1894 8694867 2907
1895 8697774 20960
1896 8718734 5627
1897 8724361 7337
1898 8731698 4154
1899 8735852 4596
1900 8740448 1897
1901 8742345 6134
1902 8748479 2855
1903 8751334 2454
1904 8753788 2211
1905 8755999 3045
1906 8759044 13518
1907 8772562 4226
1908 8776788 4613
1909 8781401 1810
1910 8783211 4449
1911 8787660 5507
1912 8793167 2261
1913 8795428 2387
1914 8797815 4585
1915 8802400 3523
1916 8805923 8946
1917 8814869 7427
1918 8822296 4031
1919 8826327 5222
1920 8831549 2984
1921 8834533 15712
1922 8850245 4990
1923 8855235 5944
1924 8861179 4354
1925 8865533 2243
1926 8867776 2666
1927 8870442 2026
1928 8872468 2815
1929 8875283 2436
1930 8877719 12662
1931 8890381 4730
1932 8895111 4785
1933 8899896 7243
1934 8907139 2008
1935 8909147 6112
1936 8915259 12243
1937 8927502 5845
1938 8933347 5250
1939 8938597 2224
1940 8940821 7317
1941 8948138 2242
1942 8950380 3104
1943 8953484 2474
1944 8955958 2685
1945 8958643 17194
1946 8975837 4071
1947 8979908 5183
1948 8985091 2318
1949 8987409 2294
1950 8989703 6329
1951 8996032 7106
1952 9003138 4507
1953 9007645 3552
1954 9011197 1871
1955 9013068 3996
1956 9017064 4448
1957 9021512 2673
1958 9024185 4302
1959 9028487 5089
1960 9033576 2152
1961 9035728 22080
1962 9057808 3942
1963 9061750 3665
1964 9065415 4063
1965 9069478 2768
1966 9072246 2418
1967 9074664 16748
1968 9091412 4972
1969 9096384 3241
1970 9099625 2163
1971 9101788 1592
1972 9103380 2493
1973 9105873 3471
1974 9109344 14263
1975 9123607 3815
1976 9127422 12780
1977 9140202 4553
1978 9144755 3354
1979 9148109 2103
1980 9150212 5261
1981 9155473 1944
1982 9157417 2425
1983 9159842 3020
1984 9162862 14716
1985 9177578 3709
1986 9181287 4565
1987 9185852 3479
1988 9189331 2448
1989 9191779 2781
1990 9194560 4559
1991 9199119 8112
1992 9207231 6577
1993 9213808 9247
1994 9223055 3506
1995 9226561 3662
1996 9230223 3880
1997 9234103 2236
1998 9236339 7577
1999 9243916 21216
2000 9265132 9698
2001 9274830 6959
2002 9281789 5090
2003 9286879 5129
2004 9292008 5917
2005 9297925 5862
2006 9303787 5956
2007 9309743 3552
2008 9313295 4306
2009 9317601 4716
2010 9322317 4609
2011 9326926 4998
2012 9331924 4725
2013 9336649 2408
2014 9339057 2261
2015 9341318 4634
2016 9345952 21430
2017 9367382 1435
2018 9368817 208
2019 9369025 170
2020 9369195 197
2021 9369392 170
2022 9369562 3964
2023 9373526 5162
2024 9378688 9011
2025 9387699 6404
2026 9394103 7328
2027 9401431 16866
2028 9418297 183
2029 9418480 12249
2030 9430729 6698
2031 9437427 224
2032 9437651 170
2033 9437821 3836
2034 9441657 164
2035 9441821 32594
2036 9474415 2306
2037 9476721 2185
2038 9478906 3925
2039 9482831 2949
2040 9485780 2100
2041 9487880 3622
2042 9491502 2345
2043 9493847 5957
2044 9499804 8183
2045 9507987 184
2046 9508171 5399
2047 9513570 4996
2048 9518566 6702
2049 9525268 173
2050 9525441 14306
2051 9539747 212
2052 9539959 6753
2053 9546712 213
2054 9546925 9146
2055 9556071 336
2056 9556407 185
2057 9556592 11194
2058 9567786 6533
2059 9574319 15879
2060 9590198 210
2061 9590408 2590
2062 9592998 8150
2063 9601148 3958
2064 9605106 5406
2065 9610512 6472
2066 9616984 7310
2067 9624294 22500
2068 9646794 213
2069 9647007 6718
2070 9653725 202
2071 9653927 5337
2072 9659264 4889
2073 9664153 6727
2074 9670880 219
2075 9671099 9151
2076 9680250 172
2077 9680422 11078
2078 9691500 172
2079 9691672 188
2080 9691860 182
2081 9692042 3591
2082 9695633 4604
2083 9700237 6413
2084 9706650 6979
2085 9713629 15622
2086 9729251 213
2087 9729464 201
2088 9729665 279
2089 9729944 296
2090 9730240 184
2091 9730424 5277
2092 9735701 5016
2093 9740717 210
2094 9740927 274
2095 9741201 296
2096 9741497 1698
2097 9743195 172
2098 9743367 260
2099 9743627 6701
2100 9750328 192
2101 9750520 9214
2102 9759734 234
2103 9759968 52977
2104 9812945 5305
2105 9818250 8579
2106 9826829 7295
2107 9834124 6240
2108 9840364 181
2109 9840545 12590
2110 9853135 6704
2111 9859839 212
2112 9860051 193
2113 9860244 4998
2114 9865242 4687
2115 9869929 6568
2116 9876497 203
2117 9876700 6552
2118 9883252 186
2119 9883438 189
2120 9883627 11237
2121 9894864 6548
2122 9901412 16170
2123 9917582 198
2124 9917780 2947
2125 9920727 7496
2126 9928223 3625
2127 9931848 4846
2128 9936694 9768
2129 9946462 6786
2130 9953248 7667
2131 9960915 23437
2132 9984352 185
2133 9984537 12182
2134 9996719 191
2135 9996910 4992
2136 10001902 4501
2137 10006403 3214
2138 10009617 6554
2139 10016171 3355
2140 10019526 2809
2141 10022335 3432
2142 10025767 214
2143 10025981 9296
2144 10035277 14409
2145 10049686 170
2146 10049856 11284
2147 10061140 6547
2148 10067687 13639
2149 10081326 13913
2150 10095239 171
2151 10095410 4573
2152 10099983 209
2153 10100192 182
2154 10100374 188
2155 10100562 182
2156 10100744 3541
2157 10104285 4693
2158 10108978 9351
2159 10118329 6788
2160 10125117 7682
2161 10132799 16138
2162 10148937 184
2163 10149121 12192
2164 10161313 171
2165 10161484 5021
2166 10166505 185
2167 10166690 5009
2168 10171699 4530
2169 10176229 6538
2170 10182767 214
2171 10182981 9034
2172 10192015 182
2173 10192197 11244
2174 10203441 6540
2175 10209981 209
2176 10210190 182
2177 10210372 164
2178 10210536 182
2179 10210718 3597
2180 10214315 4688
2181 10219003 9332
2182 10228335 6790
2183 10235125 7669
2184 10242794 16369
2185 10259163 184
2186 10259347 12222
2187 10271569 6544
2188 10278113 206
2189 10278319 5109
2190 10283428 4588
2191 10288016 6547
2192 10294563 274
2193 10294837 9077
2194 10303914 171
2195 10304085 15245
2196 10319330 210
2197 10319540 6531
2198 10326071 164
2199 10326235 11222
2200 10337457 6524
2201 10343981 185
2202 10344166 203
2203 10344369 185
2204 10344554 197
2205 10344751 185
2206 10344936 179
2207 10345115 185
2208 10345300 182
2209 10345482 197
2210 10345679 191
2211 10345870 183
2212 10346053 12272
2213 10358325 213
2214 10358538 3081
2215 10361619 7596
2216 10369215 3499
2217 10372714 4846
2218 10377560 9340
2219 10386900 6766
2220 10393666 7667
2221 10401333 22456
2222 10423789 181
2223 10423970 5104
2224 10429074 4581
2225 10433655 6545
2226 10440200 213
2227 10440413 8876
2228 10449289 11601
2229 10460890 191
2230 10461081 185
2231 10461266 165
2232 10461431 11249
2233 10472680 6538
2234 10479218 192
2235 10479410 164
2236 10479574 182
2237 10479756 208
2238 10479964 3487
2239 10483451 4752
2240 10488203 9327
2241 10497530 6765
2242 10504295 7640
2243 10511935 16846
2244 10528781 177
2245 10528958 6527
2246 10535485 196
2247 10535681 5138
2248 10540819 4508
2249 10545327 222
2250 10545549 8982
2251 10554531 203
2252 10554734 8348
2253 10563082 171
2254 10563253 11269
2255 10574522 169
2256 10574691 2703
2257 10577394 189
2258 10577583 176
2259 10577759 158
2260 10577917 3505
2261 10581422 4891
2262 10586313 9336
2263 10595649 6742
2264 10602391 7644
2265 10610035 16366
2266 10626401 183
2267 10626584 8952
2268 10635536 223
2269 10635759 202
2270 10635961 5123
2271 10641084 4580
2272 10645664 194
2273 10645858 185
2274 10646043 181
2275 10646224 15904
2276 10662128 210
2277 10662338 6536
2278 10668874 231
2279 10669105 9094
2280 10678199 185
2281 10678384 204
2282 10678588 6522
2283 10685110 210
2284 10685320 3089
2285 10688409 7559
2286 10695968 3695
2287 10699663 5085
2288 10704748 9331
2289 10714079 6774
2290 10720853 7692
2291 10728545 23376
2292 10751921 171
2293 10752092 187
2294 10752279 4428
2295 10756707 6537
2296 10763244 186
2297 10763430 5376
2298 10768806 190
2299 10768996 5092
2300 10774088 4532
2301 10778620 3506
2302 10782126 6537
2303 10788663 213
2304 10788876 8973
2305 10797849 171
2306 10798020 6545
2307 10804565 232
2308 10804797 158
2309 10804955 221
2310 10805176 158
2311 10805334 3439
2312 10808773 4920
2313 10813693 9363
2314 10823056 6814
2315 10829870 7669
2316 10837539 16884
2317 10854423 183
2318 10854606 6531
2319 10861137 189
2320 10861326 196
2321 10861522 5190
2322 10866712 4657
2323 10871369 6541
2324 10877910 250
2325 10878160 173
2326 10878333 176
2327 10878509 201
2328 10878710 8827
2329 10887537 171
2330 10887708 6549
2331 10894257 218
2332 10894475 225
2333 10894700 4105
2334 10898805 158
2335 10898963 185
2336 10899148 165
2337 10899313 195
2338 10899508 5801
2339 10905309 5498
2340 10910807 10336
2341 10921143 3401
2342 10924544 4906
2343 10929450 9369
2344 10938819 6850
2345 10945669 7662
2346 10953331 16082
2347 10969413 6784
2348 10976197 184
2349 10976381 5168
2350 10981549 4600
2351 10986149 6803
2352 10992952 242
2353 10993194 17000
2354 11010194 13529
2355 11023723 194
2356 11023917 3180
2357 11027097 234
2358 11027331 6219
2359 11033550 213
2360 11033763 9138
2361 11042901 171
2362 11043072 179
2363 11043251 6777
2364 11050028 182
2365 11050210 210
2366 11050420 2604
2367 11053024 3164
2368 11056188 5134
2369 11061322 9381
2370 11070703 6874
2371 11077577 7811
2372 11085388 21528
2373 11106916 184
2374 11107100 6806
2375 11113906 184
2376 11114090 5126
2377 11119216 4455
2378 11123671 6816
2379 11130487 234
2380 11130721 232
2381 11130953 9386
2382 11140339 190
2383 11140529 6801
2384 11147330 14980
2385 11162310 206
2386 11162516 209
2387 11162725 221
2388 11162946 215
2389 11163161 2397
2390 11165558 4260
2391 11169818 8567
2392 11178385 6165
2393 11184550 7207
2394 11191757 15333
2395 11207090 190
2396 11207280 6792
2397 11214072 2906
2398 11216978 199
2399 11217177 4992
2400 11222169 4605
2401 11226774 6771
2402 11233545 259
2403 11233804 9167
2404 11242971 204
2405 11243175 54871
2406 11298046 6754
2407 11304800 196
2408 11304996 222
2409 11305218 5455
2410 11310673 6792
2411 11317465 178
2412 11317643 4589
2413 11322232 4345
2414 11326577 6789
2415 11333366 192
2416 11333558 12518
2417 11346076 229
2418 11346305 9423
2419 11355728 184
2420 11355912 3370
2421 11359282 6756
2422 11366038 188
2423 11366226 194
2424 11366420 182
2425 11366602 227
2426 11366829 3042
2427 11369871 6671
2428 11376542 3230
2429 11379772 1954
2430 11381726 3083
2431 11384809 6281
2432 11391090 955
2433 11392045 903
2434 11392948 1119
2435 11394067 783
2436 11394850 6294
2437 11401144 2827
2438 11403971 5047
2439 11409018 8939
2440 11417957 7211
2441 11425168 5354
2442 11430522 1475
2443 11431997 641
2444 11432638 3213
2445 11435851 2870
2446 11438721 2214
2447 11440935 5558
2448 11446493 1272
2449 11447765 4393
2450 11452158 690
2451 11452848 2507
2452 11455355 1496
2453 11456851 1087
2454 11457938 2464
2455 11460402 4278
2456 11464680 2802
2457 11467482 5394
2458 11472876 5829
2459 11478705 4441
2460 11483146 2749
2461 11485895 2033
2462 11487928 1041
2463 11488969 791
2464 11489760 2638
2465 11492398 5729
2466 11498127 1755
2467 11499882 1682
2468 11501564 1190
2469 11502754 2215
2470 11504969 2426
2471 11507395 1390
2472 11508785 545
2473 11509330 4993
2474 11514323 6082
2475 11520405 11588
2476 11531993 1201
2477 11533194 2290
2478 11535484 995
2479 11536479 2141
2480 11538620 5169
2481 11543789 2425
2482 11546214 3017
2483 11549231 20012
2484 11569243 2818
2485 11572061 1584
2486 11573645 1721
2487 11575366 1398
2488 11576764 7217
2489 11583981 4574
2490 11588555 12551
2491 11601106 2381
2492 11603487 1803
2493 11605290 1417
2494 11606707 3061
2495 11609768 1371
2496 11611139 3855
2497 11614994 1069
2498 11616063 1290
2499 11617353 2306
2500 11619659 1913
2501 11621572 3425
2502 11624997 205
2503 11625202 963
2504 11626165 7055
2505 11633220 5073
2506 11638293 6379
2507 11644672 4411
2508 11649083 3688
2509 11652771 2741
2510 11655512 30555
2511 11686067 3866
2512 11689933 4978
2513 11694911 2807
2514 11697718 1913
2515 11699631 4556
2516 11704187 1226
2517 11705413 2553
2518 11707966 184
2519 11708150 184
2520 11708334 205
2521 11708539 196
2522 11708735 169
2523 11708904 210
2524 11709114 209
2525 11709323 208
2526 11709531 207
2527 11709738 211
2528 11709949 202
2529 11710151 184
2530 11710335 167
2531 11710502 172
2532 11710674 194
2533 11710868 191
2534 11711059 213
2535 11711272 188
2536 11711460 169
2537 11711629 175
2538 11711804 190
2539 11711994 184
2540 11712178 204
2541 11712382 204
2542 11712586 208
2543 11712794 205
2544 11712999 169
2545 11713168 197
2546 11713365 208
2547 11713573 191
2548 11713764 208
2549 11713972 184
2550 11714156 203
2551 11714359 208
2552 11714567 205
2553 11714772 211
2554 11714983 188
2555 11715171 214
2556 11715385 207
2557 11715592 210
2558 11715802 211
2559 11716013 205
2560 11716218 202
2561 11716420 197
2562 11716617 190
2563 11716807 175
2564 11716982 210
2565 11717192 202
2566 11717394 178
2567 11717572 163
2568 11717735 2635
2569 11720370 2685
2570 11723055 1885
2571 11724940 1341
2572 11726281 6991
2573 11733272 1513
2574 11734785 1016
2575 11735801 1016
2576 11736817 1016
2577 11737833 1016
2578 11738849 1016
2579 11739865 1016
2580 11740881 1016
2581 11741897 1016
2582 11742913 1016
2583 11743929 1109
2584 11745038 8034
2585 11753072 5508
2586 11758580 1287
2587 11759867 1962
2588 11761829 4634
2589 11766463 6740
2590 11773203 7919
2591 11781122 3672
2592 11784794 1192
2593 11785986 8774
2594 11794760 5861
2595 11800621 2058
2596 11802679 4422
2597 11807101 1925
2598 11809026 2392
2599 11811418 1243
2600 11812661 2896
2601 11815557 2152
2602 11817709 3006
2603 11820715 2545
2604 11823260 1486
2605 11824746 3392
2606 11828138 1627
2607 11829765 6235
2608 11836000 2425
2609 11838425 2103
2610 11840528 4942
2611 11845470 8514
2612 11853984 5084
2613 11859068 1434
2614 11860502 2437
2615 11862939 2313
2616 11865252 1787
2617 11867039 3484
2618 11870523 2387
2619 11872910 3901
2620 11876811 435
2621 11877246 2412
2622 11879658 2051
2623 11881709 2373
2624 11884082 2651
2625 11886733 7824
2626 11894557 5028
2627 11899585 5761
2628 11905346 4446
2629 11909792 2463
2630 11912255 2443
2631 11914698 7220
2632 11921918 8331
2633 11930249 596
2634 11930845 2748
2635 11933593 3193
2636 11936786 1771
2637 11938557 1888
2638 11940445 515
2639 11940960 482
2640 11941442 598
2641 11942040 2570
2642 11944610 2505
2643 11947115 1917
2644 11949032 5665
2645 11954697 1991
2646 11956688 3762
2647 11960450 7985
2648 11968435 4147
2649 11972582 2334
2650 11974916 1571
2651 11976487 3000
2652 11979487 1770
2653 11981257 8121
2654 11989378 1695
2655 11991073 1442
2656 11992515 3204
2657 11995719 1191
2658 11996910 1743
2659 11998653 4484
2660 12003137 1074
2661 12004211 4058
2662 12008269 1782
2663 12010051 2075
2664 12012126 216
2665 12012342 4795
2666 12017137 2542
2667 12019679 2550
2668 12022229 358
2669 12022587 1483
2670 12024070 1473
2671 12025543 2120
2672 12027663 1458
2673 12029121 1054
2674 12030175 2599
2675 12032774 1008
2676 12033782 331
2677 12034113 4557
2678 12038670 1277
2679 12039947 866
2680 12040813 3770
2681 12044583 1305
2682 12045888 3021
2683 12048909 2532
2684 12051441 537
2685 12051978 1254
2686 12053232 1211
2687 12054443 2455
2688 12056898 1162
2689 12058060 579
2690 12058639 1308
2691 12059947 7250
2692 12067197 3789
2693 12070986 6864
2694 12077850 2010
2695 12079860 1307
2696 12081167 503
2697 12081670 1311
2698 12082981 2238
2699 12085219 4458
2700 12089677 1535
2701 12091212 11494
2702 12102706 2046
2703 12104752 805
2704 12105557 921
2705 12106478 1062
2706 12107540 1817
2707 12109357 713
2708 12110070 11516
2709 12121586 1746
2710 12123332 2864
2711 12126196 3589
2712 12129785 948
2713 12130733 2149
2714 12132882 1201
2715 12134083 4651
2716 12138734 207
2717 12138941 7014
2718 12145955 1036
2719 12146991 1745
2720 12148736 2556
2721 12151292 1481
2722 12152773 1245
2723 12154018 1609
2724 12155627 2940
2725 12158567 1276
2726 12159843 6313
2727 12166156 2648
2728 12168804 445
2729 12169249 4226
2730 12173475 519
2731 12173994 1443
2732 12175437 2066
2733 12177503 2711
2734 12180214 3083
2735 12183297 1340
2736 12184637 1490
2737 12186127 1100
2738 12187227 1415
2739 12188642 2313
2740 12190955 579
2741 12191534 3270
2742 12194804 3673
2743 12198477 6246
2744 12204723 1458
2745 12206181 2672
2746 12208853 2064
2747 12210917 3056
2748 12213973 1581
2749 12215554 8406
2750 12223960 3419
2751 12227379 3329
2752 12230708 1337
2753 12232045 7822
2754 12239867 8050
2755 12247917 8437
2756 12256354 5583
2757 12261937 6997
2758 12268934 1765
2759 12270699 6327
2760 12277026 8765
2761 12285791 3763
2762 12289554 2706
2763 12292260 2346
2764 12294606 3786
2765 12298392 4728
2766 12303120 4184
2767 12307304 6926
2768 12314230 8325
2769 12322555 8262
2770 12330817 5290
2771 12336107 7568
2772 12343675 6466
2773 12350141 2807
2774 12352948 1034
2775 12353982 2995
2776 12356977 10341
2777 12367318 7436
2778 12374754 7497
2779 12382251 1006
2780 12383257 2904
2781 12386161 7980
2782 12394141 6906
2783 12401047 3997
2784 12405044 9420
2785 12414464 9509
2786 12423973 2635
2787 12426608 3721
2788 12430329 5583
2789 12435912 14547
2790 12450459 2998
2791 12453457 4438
2792 12457895 7740
2793 12465635 6342
2794 12471977 2454
2795 12474431 3835
2796 12478266 3786
2797 12482052 1812
2798 12483864 3333
2799 12487197 4937
2800 12492134 2181
2801 12494315 1322
2802 12495637 3906
2803 12499543 954
2804 12500497 3468
2805 12503965 3278
2806 12507243 3597
2807 12510840 3211
2808 12514051 2417
2809 12516468 951
2810 12517419 1211
2811 12518630 7954
2812 12526584 6810
2813 12533394 4409
2814 12537803 7151
2815 12544954 978
2816 12545932 3257
2817 12549189 8918
2818 12558107 2115
2819 12560222 6181
2820 12566403 6189
2821 12572592 1101
2822 12573693 769
2823 12574462 6596
2824 12581058 3522
2825 12584580 2621
2826 12587201 988
2827 12588189 1564
2828 12589753 3041
2829 12592794 990
2830 12593784 582
2831 12594366 1378
2832 12595744 1634
2833 12597378 1533
2834 12598911 8817
2835 12607728 7704
2836 12615432 4082
2837 12619514 2875
2838 12622389 588
2839 12622977 7430
2840 12630407 3850
2841 12634257 11790
2842 12646047 4637
2843 12650684 2495
2844 12653179 3830
2845 12657009 15075
2846 12672084 6020
2847 12678104 2568
2848 12680672 197
2849 12680869 2263
2850 12683132 3776
2851 12686908 2757
2852 12689665 13188
2853 12702853 7634
2854 12710487 1875
2855 12712362 2723
2856 12715085 1892
2857 12716977 1792
2858 12718769 3325
2859 12722094 2171
2860 12724265 2952
2861 12727217 1945
2862 12729162 1795
2863 12730957 2133
2864 12733090 2774
2865 12735864 2795
2866 12738659 1902
2867 12740561 2513
2868 12743074 3244
2869 12746318 2135
2870 12748453 1864
2871 12750317 1727
2872 12752044 2045
2873 12754089 4343
2874 12758432 3835
2875 12762267 3655
2876 12765922 2898
2877 12768820 2401
2878 12771221 2516
2879 12773737 2281
2880 12776018 2310
2881 12778328 212
2882 12778540 5700
2883 12784240 9505
2884 12793745 2587
2885 12796332 857
2886 12797189 4367
2887 12801556 6989
2888 12808545 197
2889 12808742 3084
2890 12811826 2585
2891 12814411 2328
2892 12816739 2541
2893 12819280 3474
2894 12822754 4259
2895 12827013 2512
2896 12829525 4857
2897 12834382 2702
2898 12837084 8067
2899 12845151 2678
2900 12847829 6071
2901 12853900 2395
2902 12856295 1209
2903 12857504 17278
2904 12874782 9530
2905 12884312 2898
2906 12887210 3177
2907 12890387 5754
2908 12896141 3390
2909 12899531 1916
2910 12901447 2981
2911 12904428 4361
2912 12908789 4129
2913 12912918 3687
2914 12916605 2943
2915 12919548 23731
2916 12943279 10823
2917 12954102 15759
2918 12969861 29815
2919 12999676 3674
2920 13003350 8265
2921 13011615 4163
2922 13015778 12717
2923 13028495 4403
2924 13032898 2310
2925 13035208 2416
2926 13037624 644
2927 13038268 1276
2928 13039544 9705
2929 13049249 21558
2930 13070807 867
2931 13071674 3453
2932 13075127 1390
2933 13076517 1035
2934 13077552 5558
2935 13083110 1204
2936 13084314 861
2937 13085175 10508
2938 13095683 1318
2939 13097001 17053
2940 13114054 9249
2941 13123303 2764
2942 13126067 1280
2943 13127347 4466
2944 13131813 5817
2945 13137630 996
2946 13138626 731
2947 13139357 2289
2948 13141646 7923
2949 13149569 3241
2950 13152810 1798
2951 13154608 498
2952 13155106 1493
2953 13156599 2260
2954 13158859 5717
2955 13164576 1281
2956 13165857 3082
2957 13168939 1202
2958 13170141 1276
2959 13171417 1050
2960 13172467 5404
2961 13177871 911
2962 13178782 4260
2963 13183042 323
2964 13183365 8631
2965 13191996 3517
2966 13195513 1555
2967 13197068 1295
2968 13198363 6151
2969 13204514 3889
2970 13208403 1183
2971 13209586 2848
2972 13212434 2601
2973 13215035 1738
2974 13216773 4063
2975 13220836 12472
2976 13233308 1431
2977 13234739 3976
2978 13238715 3506
2979 13242221 1315
2980 13243536 1050
2981 13244586 3884
2982 13248470 6665
2983 13255135 1574
2984 13256709 1476
2985 13258185 1426
2986 13259611 2348
2987 13261959 2140
2988 13264099 1697
2989 13265796 1720
2990 13267516 1117
2991 13268633 1592
2992 13270225 754
2993 13270979 6739
2994 13277718 8051
2995 13285769 1427
2996 13287196 1045
2997 13288241 4557
2998 13292798 2360
2999 13295158 1127
3000 13296285 6293
3001 13302578 1759
3002 13304337 7470
3003 13311807 2153
3004 13313960 6214
3005 13320174 3886
3006 13324060 1347
3007 13325407 8131
3008 13333538 6657
3009 13340195 9218
3010 13349413 3551
3011 13352964 2191
3012 13355155 3333
3013 13358488 4610
3014 13363098 1667
3015 13364765 5099
3016 13369864 7723
3017 13377587 10769
3018 13388356 1795
3019 13390151 7095
3020 13397246 3564
3021 13400810 464
3022 13401274 3866
3023 13405140 753
3024 13405893 873
3025 13406766 5536
3026 13412302 1481
3027 13413783 2130
3028 13415913 2608
3029 13418521 3651
3030 13422172 3207
3031 13425379 2071
3032 13427450 4748
3033 13432198 9813
3034 13442011 582
3035 13442593 3144
3036 13445737 3402
3037 13449139 3751
3038 13452890 9795
3039 13462685 1602
3040 13464287 3066
3041 13467353 3646
3042 13470999 1956
3043 13472955 4376
3044 13477331 1363
3045 13478694 9412
3046 13488106 4461
3047 13492567 2570
3048 13495137 3558
3049 13498695 1642
3050 13500337 1456
3051 13501793 1492
3052 13503285 4692
3053 13507977 2848
3054 13510825 8336
3055 13519161 7620
3056 13526781 5280
3057 13532061 2983
3058 13535044 7000
3059 13542044 1164
3060 13543208 2791
3061 13545999 2563
3062 13548562 1935
3063 13550497 2304
3064 13552801 522
3065 13553323 5715
3066 13559038 512
3067 13559550 2020
3068 13561570 6467
3069 13568037 5741
3070 13573778 2459
3071 13576237 3021
3072 13579258 8776
3073 13588034 3538
3074 13591572 3020
3075 13594592 8889
3076 13603481 4000
3077 13607481 3359
3078 13610840 3597
3079 13614437 1429
3080 13615866 4453
3081 13620319 1021
3082 13621340 1771
3083 13623111 5464
3084 13628575 2061
3085 13630636 1790
3086 13632426 15755
3087 13648181 5702
3088 13653883 2232
3089 13656115 2595
3090 13658710 5270
3091 13663980 3861
3092 13667841 13331
3093 13681172 3757
3094 13684929 1817
3095 13686746 3514
3096 13690260 6389
3097 13696649 2913
3098 13699562 523
3099 13700085 4650
3100 13704735 4514
3101 13709249 2696
3102 13711945 4696
3103 13716641 2120
3104 13718761 725
3105 13719486 5010
3106 13724496 9514
3107 13734010 1644
3108 13735654 617
3109 13736271 602
3110 13736873 2869
3111 13739742 1829
3112 13741571 2267
3113 13743838 3056
3114 13746894 2882
3115 13749776 2934
3116 13752710 2947
3117 13755657 2384
3118 13758041 2426
3119 13760467 2472
3120 13762939 855
3121 13763794 1591
3122 13765385 5722
3123 13771107 2511
3124 13773618 1275
3125 13774893 2039
3126 13776932 1562
3127 13778494 2876
3128 13781370 5664
3129 13787034 1159
3130 13788193 2773
3131 13790966 1802
3132 13792768 1201
3133 13793969 1079
3134 13795048 1730
3135 13796778 5952
3136 13802730 1767
3137 13804497 3386
3138 13807883 1539
3139 13809422 588
3140 13810010 2656
3141 13812666 869
3142 13813535 5602
3143 13819137 5097
3144 13824234 1559
3145 13825793 734
3146 13826527 763
3147 13827290 2431
3148 13829721 5673
3149 13835394 3605
3150 13838999 3575
3151 13842574 3533
3152 13846107 3628
3153 13849735 3682
3154 13853417 3710
3155 13857127 3731
3156 13860858 3680
3157 13864538 3698
3158 13868236 3617
3159 13871853 3674
3160 13875527 3662
3161 13879189 3556
3162 13882745 620
3163 13883365 5763
3164 13889128 574
3165 13889702 2805
3166 13892507 2792
3167 13895299 1049
3168 13896348 1240
3169 13897588 7365
3170 13904953 1433
3171 13906386 2233
3172 13908619 2078
3173 13910697 1415
3174 13912112 890
3175 13913002 1660
3176 13914662 2573
3177 13917235 1908
3178 13919143 16550
3179 13935693 1520
3180 13937213 4760
3181 13941973 2106
3182 13944079 2739
3183 13946818 6067
3184 13952885 537
3185 13953422 4020
3186 13957442 2009
3187 13959451 1195
3188 13960646 4596
3189 13965242 847
3190 13966089 2113
3191 13968202 1888
3192 13970090 4126
3193 13974216 4669
3194 13978885 8986
3195 13987871 3999
3196 13991870 2649
3197 13994519 838
3198 13995357 803
3199 13996160 881
3200 13997041 1017
3201 13998058 1913
3202 13999971 1554
3203 14001525 2550
3204 14004075 1998
3205 14006073 3676
3206 14009749 935
3207 14010684 1202
3208 14011886 1874
3209 14013760 1422
3210 14015182 3792
3211 14018974 5682
3212 14024656 2224
3213 14026880 2831
3214 14029711 1493
3215 14031204 5737
3216 14036941 2648
3217 14039589 1278
3218 14040867 1259
3219 14042126 1312
3220 14043438 7561
3221 14050999 1697
3222 14052696 2769
3223 14055465 1232
3224 14056697 1368
3225 14058065 5093
3226 14063158 3026
3227 14066184 1291
3228 14067475 2715
3229 14070190 1410
3230 14071600 915
3231 14072515 2747
3232 14075262 1489
3233 14076751 797
3234 14077548 2834
3235 14080382 1075
3236 14081457 8687
3237 14090144 2589
3238 14092733 1601
3239 14094334 2161
3240 14096495 1950
3241 14098445 6203
3242 14104648 2066
3243 14106714 1544
3244 14108258 3060
3245 14111318 4029
3246 14115347 2629
3247 14117976 2827
3248 14120803 1032
3249 14121835 1414
3250 14123249 5369
3251 14128618 1641
3252 14130259 3492
3253 14133751 2040
3254 14135791 5613
3255 14141404 6595
3256 14147999 1116
3257 14149115 1401
3258 14150516 348
3259 14150864 2124
3260 14152988 1695
3261 14154683 2818
3262 14157501 1188
3263 14158689 1932
3264 14160621 858
3265 14161479 1809
3266 14163288 2926
3267 14166214 6720
3268 14172934 2649
3269 14175583 1556
3270 14177139 1735
3271 14178874 1664
3272 14180538 943
3273 14181481 8636
3274 14190117 5377
3275 14195494 5437
3276 14200931 5272
3277 14206203 6367
3278 14212570 2024
3279 14214594 18943
3280 14233537 7521
3281 14241058 1808
3282 14242866 1225
3283 14244091 2892
3284 14246983 1842
3285 14248825 2680
3286 14251505 4109
3287 14255614 1389
3288 14257003 583
3289 14257586 6346
3290 14263932 2349
3291 14266281 1788
3292 14268069 3289
3293 14271358 1846
3294 14273204 13078
3295 14286282 521
3296 14286803 1497
3297 14288300 2941
3298 14291241 2301
3299 14293542 2766
3300 14296308 17721
3301 14314029 3742
3302 14317771 2314
3303 14320085 1938
3304 14322023 2407
3305 14324430 3329
3306 14327759 2358
3307 14330117 2410
3308 14332527 19519
3309 14352046 8239
3310 14360285 4338
3311 14364623 4431
3312 14369054 4061
3313 14373115 1502
3314 14374617 4430
3315 14379047 1344
3316 14380391 1162
3317 14381553 1454
3318 14383007 7269
3319 14390276 2148
3320 14392424 17616
3321 14410040 8647
3322 14418687 5584
3323 14424271 3987
3324 14428258 3556
3325 14431814 2014
3326 14433828 15831
3327 14449659 4374
3328 14454033 1130
3329 14455163 1908
3330 14457071 1337
3331 14458408 7957
3332 14466365 5092
3333 14471457 6771
3334 14478228 1784
3335 14480012 7984
3336 14487996 7409
3337 14495405 8323
3338 14503728 4873
3339 14508601 6525
3340 14515126 14939
3341 14530065 7324
3342 14537389 5002
3343 14542391 1345
3344 14543736 1540
3345 14545276 2122
3346 14547398 1322
3347 14548720 723
3348 14549443 6210
3349 14555653 2101
3350 14557754 7979
3351 14565733 4110
3352 14569843 1837
3353 14571680 5170
3354 14576850 5403
3355 14582253 8977
3356 14591230 4642
3357 14595872 9313
3358 14605185 3729
3359 14608914 1049
3360 14609963 1394
3361 14611357 8890
3362 14620247 276
3363 14620523 1691
3364 14622214 673
3365 14622887 1449
3366 14624336 12224
3367 14636560 7924
3368 14644484 4041
3369 14648525 4940
3370 14653465 4416
3371 14657881 8636
3372 14666517 2187
3373 14668704 5315
3374 14674019 2883
3375 14676902 3115
3376 14680017 1684
3377 14681701 7944
3378 14689645 3651
3379 14693296 13804
3380 14707100 3228
3381 14710328 3840
3382 14714168 4263
3383 14718431 11231
3384 14729662 911
3385 14730573 7933
3386 14738506 6211
3387 14744717 793
3388 14745510 5641
3389 14751151 15192
3390 14766343 813
3391 14767156 6026
3392 14773182 563
3393 14773745 5213
3394 14778958 7790
3395 14786748 1334
3396 14788082 4342
3397 14792424 608
3398 14793032 8857
3399 14801889 1245
3400 14803134 395
3401 14803529 417
3402 14803946 428
3403 14804374 473
3404 14804847 447
3405 14805294 450
3406 14805744 477
3407 14806221 515
3408 14806736 463
3409 14807199 493
3410 14807692 463
3411 14808155 461
3412 14808616 476
3413 14809092 444
3414 14809536 513
3415 14810049 3655
3416 14813704 1994
3417 14815698 3213
3418 14818911 2848
3419 14821759 7330
3420 14829089 394
3421 14829483 490
3422 14829973 10836
3423 14840809 4380
3424 14845189 3643
3425 14848832 8772
3426 14857604 3359
3427 14860963 2047
3428 14863010 1996
3429 14865006 7004
3430 14872010 6248
3431 14878258 3681
3432 14881939 2240
3433 14884179 14528
3434 14898707 6394
3435 14905101 1324
3436 14906425 1972
3437 14908397 2897
3438 14911294 2581
3439 14913875 2129
3440 14916004 1562
3441 14917566 741
3442 14918307 1349
3443 14919656 737
3444 14920393 386
3445 14920779 3923
3446 14924702 2967
3447 14927669 4082
3448 14931751 7333
3449 14939084 5283
3450 14944367 1322
3451 14945689 1130
3452 14946819 912
3453 14947731 1835
3454 14949566 2368
3455 14951934 5361
3456 14957295 2444
3457 14959739 7887
3458 14967626 2385
3459 14970011 915
3460 14970926 845
3461 14971771 1632
3462 14973403 2237
3463 14975640 7151
3464 14982791 1633
3465 14984424 4656
3466 14989080 2422
3467 14991502 3556
3468 14995058 2675
3469 14997733 6905
3470 15004638 2302
3471 15006940 3005
3472 15009945 4577
3473 15014522 2523
3474 15017045 2876
3475 15019921 1908
3476 15021829 1250
3477 15023079 4720
3478 15027799 1611
3479 15029410 964
3480 15030374 1598
3481 15031972 1777
3482 15033749 4530
3483 15038279 1673
3484 15039952 2640
3485 15042592 9105
3486 15051697 1861
3487 15053558 2589
3488 15056147 3537
3489 15059684 6125
3490 15065809 3367
3491 15069176 2953
3492 15072129 7839
3493 15079968 1735
3494 15081703 2202
3495 15083905 1647
3496 15085552 963
3497 15086515 1638
3498 15088153 1731
3499 15089884 14786
3500 15104670 7185
3501 15111855 3133
3502 15114988 1679
3503 15116667 1411
3504 15118078 7654
3505 15125732 1960
3506 15127692 2115
3507 15129807 1760
3508 15131567 1680
3509 15133247 2078
3510 15135325 1142
3511 15136467 1298
3512 15137765 5472
3513 15143237 1244
3514 15144481 1957
3515 15146438 2661
3516 15149099 2406
3517 15151505 1205
3518 15152710 1130
3519 15153840 6775
3520 15160615 3121
3521 15163736 2598
3522 15166334 5109
3523 15171443 1901
3524 15173344 2513
3525 15175857 4634
3526 15180491 4603
3527 15185094 4387
3528 15189481 3081
3529 15192562 7645
3530 15200207 5767
3531 15205974 3507
3532 15209481 3326
3533 15212807 2330
3534 15215137 3386
3535 15218523 2147
3536 15220670 2012
3537 15222682 9108
3538 15231790 5379
3539 15237169 7253
3540 15244422 5243
3541 15249665 4650
3542 15254315 7974
3543 15262289 11576
3544 15273865 6123
3545 15279988 1413
3546 15281401 1832
3547 15283233 970
3548 15284203 5222
3549 15289425 2917
3550 15292342 663
3551 15293005 4126
3552 15297131 808
3553 15297939 3105
3554 15301044 726
3555 15301770 907
3556 15302677 4170
3557 15306847 3624
3558 15310471 1262
3559 15311733 1776
3560 15313509 1135
3561 15314644 1623
3562 15316267 864
3563 15317131 2434
3564 15319565 4371
3565 15323936 4673
3566 15328609 1003
3567 15329612 2236
3568 15331848 959
3569 15332807 1966
3570 15334773 882
3571 15335655 1197
3572 15336852 1487
3573 15338339 560
3574 15338899 3965
3575 15342864 1419
3576 15344283 4753
3577 15349036 2445
3578 15351481 2071
3579 15353552 2492
3580 15356044 2237
3581 15358281 3479
3582 15361760 1671
3583 15363431 1129
3584 15364560 2555
3585 15367115 1990
3586 15369105 1889
3587 15370994 4279
3588 15375273 14152
3589 15389425 2109
3590 15391534 6353
3591 15397887 13423
3592 15411310 8919
3593 15420229 3645
3594 15423874 4552
3595 15428426 3579
3596 15432005 5499
3597 15437504 1662
3598 15439166 3925
3599 15443091 1854
3600 15444945 9548
3601 15454493 6431
3602 15460924 2446
3603 15463370 4368
3604 15467738 7506
3605 15475244 2049
3606 15477293 3671
3607 15480964 4180
3608 15485144 1073
3609 15486217 2177
3610 15488394 2131
3611 15490525 999
3612 15491524 5295
3613 15496819 1961
3614 15498780 1494
3615 15500274 1846
3616 15502120 1165
3617 15503285 1172
3618 15504457 6576
3619 15511033 3703
3620 15514736 993
3621 15515729 2420
3622 15518149 2170
3623 15520319 3201
3624 15523520 2533
3625 15526053 29567
3626 15555620 1090
3627 15556710 1706
3628 15558416 5072
3629 15563488 1229
3630 15564717 1613
3631 15566330 1694
3632 15568024 2372
3633 15570396 1641
3634 15572037 1553
3635 15573590 2566
3636 15576156 3165
3637 15579321 4529
3638 15583850 1748
3639 15585598 933
3640 15586531 1465
3641 15587996 2010
3642 15590006 1492
3643 15591498 1752
3644 15593250 1259
3645 15594509 1854
3646 15596363 1583
3647 15597946 823
3648 15598769 2711
3649 15601480 1822
3650 15603302 5974
3651 15609276 2660
3652 15611936 1359
3653 15613295 1170
3654 15614465 2681
3655 15617146 1420
3656 15618566 2307
3657 15620873 1432
3658 15622305 1303
3659 15623608 2148
3660 15625756 1493
3661 15627249 1707
3662 15628956 5061
3663 15634017 2544
3664 15636561 5442
3665 15642003 1640
3666 15643643 1266
3667 15644909 2920
3668 15647829 1567
3669 15649396 2722
3670 15652118 860
3671 15652978 1595
3672 15654573 3986
3673 15658559 3226
3674 15661785 2931
3675 15664716 3315
3676 15668031 2703
3677 15670734 1402
3678 15672136 1368
3679 15673504 884
3680 15674388 2131
3681 15676519 1090
3682 15677609 3309
3683 15680918 3180
3684 15684098 3706
3685 15687804 1726
3686 15689530 4788
3687 15694318 1777
3688 15696095 968
3689 15697063 1269
3690 15698332 984
3691 15699316 1138
3692 15700454 4922
3693 15705376 2223
3694 15707599 1805
3695 15709404 1110
3696 15710514 1271
3697 15711785 1234
3698 15713019 4081
3699 15717100 1464
3700 15718564 2677
3701 15721241 2132
3702 15723373 1096
3703 15724469 1830
3704 15726299 4976
3705 15731275 2280
3706 15733555 5562
3707 15739117 2546
3708 15741663 8475
3709 15750138 7303
3710 15757441 2410
3711 15759851 1460
3712 15761311 1639
3713 15762950 2670
3714 15765620 2572
3715 15768192 2247
3716 15770439 3058
3717 15773497 2066
3718 15775563 2981
3719 15778544 6855
3720 15785399 6341
3721 15791740 6781
3722 15798521 6658
3723 15805179 3937
3724 15809116 7998
3725 15817114 7681
3726 15824795 3114
3727 15827909 1796
3728 15829705 2968
3729 15832673 1546
3730 15834219 3021
3731 15837240 3433
3732 15840673 1844
3733 15842517 1524
3734 15844041 4749
3735 15848790 1736
3736 15850526 1501
3737 15852027 2459
3738 15854486 3612
3739 15858098 2031
3740 15860129 1457
3741 15861586 2801
3742 15864387 7581
3743 15871968 3274
3744 15875242 3589
3745 15878831 8784
3746 15887615 3725
3747 15891340 2804
3748 15894144 2189
3749 15896333 3542
3750 15899875 3483
3751 15903358 2061
3752 15905419 1581
3753 15907000 1792
3754 15908792 6329
3755 15915121 3186
3756 15918307 2231
3757 15920538 1854
3758 15922392 3400
3759 15925792 5476
3760 15931268 1996
3761 15933264 4117
3762 15937381 2708
3763 15940089 3664
3764 15943753 1739
3765 15945492 1531
3766 15947023 1518
3767 15948541 1616
3768 15950157 3610
3769 15953767 2718
3770 15956485 3952
3771 15960437 2367
3772 15962804 2386
3773 15965190 2567
3774 15967757 2368
3775 15970125 2476
3776 15972601 21924
3777 15994525 3187
3778 15997712 3576
3779 16001288 6289
3780 16007577 3081
3781 16010658 3291
3782 16013949 3402
3783 16017351 5184
3784 16022535 1602
3785 16024137 2583
3786 16026720 3405
3787 16030125 2444
3788 16032569 1076
3789 16033645 2353
3790 16035998 5065
3791 16041063 4199
3792 16045262 3006
3793 16048268 3761
3794 16052029 2631
3795 16054660 5399
3796 16060059 2520
3797 16062579 3750
3798 16066329 1094
3799 16067423 5113
3800 16072536 1421
3801 16073957 1207
3802 16075164 2038
3803 16077202 7257
3804 16084459 3316
3805 16087775 2530
3806 16090305 717
3807 16091022 3176
3808 16094198 722
3809 16094920 6132
3810 16101052 6259
3811 16107311 5686
3812 16112997 10371
3813 16123368 4162
3814 16127530 6325
3815 16133855 2924
3816 16136779 6038
3817 16142817 6013
3818 16148830 1654
3819 16150484 6387
3820 16156871 3152
3821 16160023 6561
3822 16166584 8795
3823 16175379 1271
3824 16176650 2860
3825 16179510 1669
3826 16181179 5845
3827 16187024 6638
3828 16193662 6158
3829 16199820 6182
3830 16206002 9424
3831 16215426 9440
3832 16224866 1130
3833 16225996 686
3834 16226682 1108
3835 16227790 3740
3836 16231530 635
3837 16232165 5497
3838 16237662 1344
3839 16239006 2776
3840 16241782 2309
3841 16244091 5297
3842 16249388 12077
3843 16261465 2470
3844 16263935 25530
3845 16289465 3654
3846 16293119 3954
3847 16297073 12296
3848 16309369 4191
3849 16313560 3840
3850 16317400 14523
3851 16331923 12139
3852 16344062 3613
3853 16347675 1481
3854 16349156 8864
3855 16358020 1706
3856 16359726 650
3857 16360376 3139
3858 16363515 2742
3859 16366257 5643
3860 16371900 9385
3861 16381285 3961
3862 16385246 1072
3863 16386318 1641
3864 16387959 5432
3865 16393391 4535
3866 16397926 4434
3867 16402360 4332
3868 16406692 1826
3869 16408518 4319
3870 16412837 3607
3871 16416444 6096
3872 16422540 4153
3873 16426693 1095
3874 16427788 726
3875 16428514 8680
3876 16437194 3861
3877 16441055 6788
3878 16447843 1467
3879 16449310 2457
3880 16451767 1077
3881 16452844 995
3882 16453839 985
3883 16454824 5298
3884 16460122 10742
3885 16470864 735
3886 16471599 655
3887 16472254 3952
3888 16476206 9796
3889 16486002 1202
3890 16487204 3054
3891 16490258 758
3892 16491016 530
3893 16491546 605
3894 16492151 970
3895 16493121 703
3896 16493824 1698
3897 16495522 12165
3898 16507687 4264
3899 16511951 11070
3900 16523021 3561
3901 16526582 6515
3902 16533097 8115
3903 16541212 3599
3904 16544811 4937
3905 16549748 3427
3906 16553175 1831
3907 16555006 979
3908 16555985 1387
3909 16557372 1151
3910 16558523 2088
3911 16560611 1284
3912 16561895 1727
3913 16563622 1780
3914 16565402 2131
3915 16567533 1790
3916 16569323 7614
3917 16576937 18113
3918 16595050 3835
3919 16598885 4372
3920 16603257 3328
3921 16606585 3544
3922 16610129 10302
3923 16620431 4050
3924 16624481 1214
3925 16625695 875
3926 16626570 1476
3927 16628046 956
3928 16629002 1948
3929 16630950 4408
3930 16635358 1627
3931 16636985 6068
3932 16643053 7577
3933 16650630 1932
3934 16652562 3965
3935 16656527 2643
3936 16659170 4731
3937 16663901 8671
3938 16672572 4908
3939 16677480 7948
3940 16685428 4771
3941 16690199 9940
3942 16700139 2096
3943 16702235 1577
3944 16703812 2042
3945 16705854 1821
3946 16707675 2389
3947 16710064 2816
3948 16712880 2548
3949 16715428 13121
3950 16728549 2456
3951 16731005 2148
3952 16733153 2427
3953 16735580 3029
3954 16738609 1477
3955 16740086 10050
3956 16750136 9513
3957 16759649 4664
3958 16764313 6967
3959 16771280 3613
3960 16774893 3383
3961 16778276 2833
3962 16781109 5844
3963 16786953 3066
3964 16790019 5734
3965 16795753 4754
3966 16800507 13511
3967 16814018 3806
3968 16817824 2939
3969 16820763 1487
3970 16822250 8035
3971 16830285 5651
3972 16835936 12386
3973 16848322 3690
3974 16852012 2119
3975 16854131 5445
3976 16859576 5777
3977 16865353 7873
3978 16873226 10095
3979 16883321 3555
3980 16886876 3349
3981 16890225 2141
3982 16892366 223
3983 16892589 3743
3984 16896332 1930
3985 16898262 1430
3986 16899692 7337
3987 16907029 1016
3988 16908045 939
3989 16908984 1548
3990 16910532 3223
3991 16913755 1819
3992 16915574 3981
3993 16919555 2133
3994 16921688 3978
3995 16925666 1376
3996 16927042 4885
3997 16931927 2591
3998 16934518 1732
3999 16936250 1963
4000 16938213 1472
4001 16939685 3093
4002 16942778 5085
4003 16947863 5459
4004 16953322 4564
4005 16957886 5391
4006 16963277 1816
4007 16965093 3790
4008 16968883 6025
4009 16974908 2423
4010 16977331 4315
4011 16981646 940
4012 16982586 773
4013 16983359 4069
4014 16987428 2638
4015 16990066 2947
4016 16993013 1234
4017 16994247 1925
4018 16996172 2301
4019 16998473 2675
4020 17001148 2269
4021 17003417 1279
4022 17004696 4655
4023 17009351 4532
4024 17013883 3532
4025 17017415 3094
4026 17020509 4080
4027 17024589 4406
4028 17028995 2758
4029 17031753 3803
4030 17035556 2301
4031 17037857 1724
4032 17039581 2232
4033 17041813 20382
4034 17062195 3244
4035 17065439 4058
4036 17069497 1911
4037 17071408 8646
4038 17080054 2642
4039 17082696 5121
4040 17087817 5209
4041 17093026 3599
4042 17096625 4006
4043 17100631 5763
4044 17106394 2980
4045 17109374 5333
4046 17114707 1712
4047 17116419 2580
4048 17118999 5009
4049 17124008 4765
4050 17128773 3299
4051 17132072 5386
4052 17137458 5466
4053 17142924 4256
4054 17147180 2522
4055 17149702 4387
4056 17154089 7356
4057 17161445 185
4058 17161630 4697
4059 17166327 170
4060 17166497 894
4061 17167391 777
4062 17168168 2223
4063 17170391 1721
4064 17172112 924
4065 17173036 1824
4066 17174860 12065
4067 17186925 4336
4068 17191261 9775
4069 17201036 1110
4070 17202146 9636
4071 17211782 3288
4072 17215070 1393
4073 17216463 3435
4074 17219898 4642
4075 17224540 5509
4076 17230049 2564
4077 17232613 3281
4078 17235894 1863
4079 17237757 3246
4080 17241003 5050
4081 17246053 2046
4082 17248099 5777
4083 17253876 2294
4084 17256170 4195
4085 17260365 4886
